n 21
m 4
tmax 6.8
  4.6  7.1    0    1    1    0    1
  5.7 11.4   20    1    1    0    0
  4.4 12.3   20    0    1    1    0
  2.8 14.3   30    1    1    0    1
  3.2 10.3   15    1    0    0    1
  3.5  9.8   15    1    0    1    1
  4.4  8.4   10    1    1    0    1
  7.8   11   20    1    0    0    1
  8.8  9.8   20    1    1    1    1
  7.7  8.2   20    1    1    0    0
  6.3  7.9   15    1    1    1    0
  5.4  8.2   10    0    1    0    0
  5.8  6.8   10    1    1    1    0
  6.7  5.8   25    0    1    1    1
 13.8 13.1   40    1    0    1    0
 14.1 14.2   40    1    0    1    0
 11.2 13.6   30    1    0    1    0
  9.7 16.4   30    1    1    1    0
  9.5 18.8   50    1    0    1    0
  4.7 16.8   30    0    1    0    1
    5  5.6    0    1    1    0    0
