n 66
m 4
tmax 23.8
 -0.5    0    0    0    1    1    1
   -7   -7   35    0    1    0    1
   -7   -5   35    0    1    0    0
   -7   -3   35    1    0    1    0
   -7   -1   35    1    1    1    0
   -7    1   35    1    0    0    0
   -7    3   35    1    1    0    0
   -7    5   35    0    1    1    0
   -7    7   35    0    1    1    0
   -5   -7   35    1    1    1    1
   -5   -5   25    1    1    1    1
   -5   -3   25    0    1    0    0
   -5   -1   25    1    1    1    1
   -5    1   25    0    1    1    0
   -5    3   25    1    0    1    1
   -5    5   25    1    1    1    0
   -5    7   35    0    1    1    0
   -3   -7   35    1    1    1    0
   -3   -5   25    1    1    0    0
   -3   -3   15    1    1    0    1
   -3   -1   15    1    0    1    0
   -3    1   15    1    1    0    0
   -3    3   15    0    1    1    0
   -3    5   25    0    1    0    0
   -3    7   35    0    1    0    1
   -1   -7   35    1    0    0    1
   -1   -5   25    0    1    1    0
   -1   -3   15    1    0    0    1
   -1   -1    5    1    0    0    1
   -1    1    5    0    1    0    0
   -1    3   15    1    0    0    1
   -1    5   25    1    1    0    1
   -1    7   35    1    0    1    0
    1   -7   35    1    1    0    0
    1   -5   25    1    0    0    1
    1   -3   15    0    1    0    1
    1   -1    5    0    1    0    1
    1    1    5    0    1    0    1
    1    3   15    0    1    0    0
    1    5   25    0    1    0    1
    1    7   35    0    1    1    1
    3   -7   35    0    1    1    0
    3   -5   25    1    0    0    0
    3   -3   15    1    1    1    0
    3   -1   15    0    1    1    1
    3    1   15    1    0    0    1
    3    3   15    1    1    0    1
    3    5   25    1    1    1    0
    3    7   35    1    1    0    1
    5   -7   35    0    1    1    0
    5   -5   25    0    1    0    0
    5   -3   25    1    0    0    1
    5   -1   25    1    1    0    0
    5    1   25    1    1    0    0
    5    3   25    0    1    1    1
    5    5   25    1    0    0    1
    5    7   35    1    1    1    1
    7   -7   35    0    1    1    1
    7   -5   35    1    0    0    0
    7   -3   35    1    1    0    1
    7   -1   35    1    1    1    1
    7    1   35    0    1    1    0
    7    3   35    1    1    0    1
    7    5   35    0    1    1    1
    7    7   35    1    1    1    1
  0.5    0    0    1    1    0    1
