n 64
m 2
tmax 35.0
    0   -7    0    1    0
   -1   -6    6    1    1
    1   -6    6    1    0
   -2   -5   12    1    1
    0   -5    6    0    1
    2   -5   12    1    1
   -3   -4   18    1    0
   -1   -4   12    0    1
    1   -4   12    1    0
    3   -4   18    1    0
   -4   -3   24    1    1
   -2   -3   18    0    1
    0   -3   12    1    1
    2   -3   18    1    1
    4   -3   24    1    1
   -5   -2   30    0    1
   -3   -2   24    1    1
   -1   -2   18    1    1
    1   -2   18    1    0
    3   -2   24    0    1
    5   -2   30    0    1
   -6   -1   36    1    1
   -4   -1   30    1    1
   -2   -1   24    0    1
    0   -1   18    1    1
    2   -1   24    0    1
    4   -1   30    1    0
    6   -1   36    1    0
   -7    0   42    0    1
   -5    0   36    1    1
   -3    0   30    0    1
   -1    0   24    1    1
    1    0   24    0    1
    3    0   30    0    1
    5    0   36    1    1
    7    0   42    1    1
   -6    1   36    0    1
   -4    1   30    1    0
   -2    1   24    1    1
    0    1   18    1    1
    2    1   24    1    1
    4    1   30    0    1
    6    1   36    1    0
   -5    2   30    0    1
   -3    2   24    1    0
   -1    2   18    0    1
    1    2   18    1    1
    3    2   24    1    1
    5    2   30    1    1
   -4    3   24    0    1
   -2    3   18    0    1
    0    3   12    0    1
    2    3   18    1    0
    4    3   24    1    0
   -3    4   18    0    1
   -1    4   12    1    1
    1    4   12    1    1
    3    4   18    0    1
   -2    5   12    1    0
    0    5    6    1    0
    2    5   12    1    1
   -1    6    6    1    1
    1    6    6    0    1
    0    7    0    1    0
