n 102
m 4
tmax 30
   35   35    0    0    1    0    1
   15   30   26    1    1    1    1
   55    5   29    0    1    0    0
   31   52   27    1    1    0    0
   60   12   31    1    1    1    1
    8   56   27    1    1    1    1
   13   52   36    1    1    1    0
    6   68   30    0    1    1    0
   21   24   28    1    0    0    1
   56   39   36    1    0    1    0
   55   54   26    1    0    1    0
   16   22   41    0    1    0    0
    4   18   35    1    0    0    1
   28   18   26    1    0    1    0
   26   27   27    1    1    1    0
   55   45   13    0    1    1    0
   55   20   19    1    0    1    0
   55   60   16    1    0    1    0
   30   60   16    1    1    0    0
   20   65   12    0    1    1    1
   50   35   19    0    1    1    0
   30   25   23    0    1    0    1
   15   10   20    1    1    1    1
   10   20   19    1    1    0    0
   20   40   12    1    0    0    1
   15   60   17    1    0    1    1
   45   20   11    1    0    1    1
   45   10   18    0    1    0    1
   45   30   17    1    0    0    1
   35   40   16    1    0    1    0
   41   37   16    1    0    1    0
   40   60   21    1    1    1    1
   35   69   23    0    1    1    0
   53   52   11    0    1    1    1
   65   55   14    1    0    0    0
    5    5   16    1    0    1    1
   11   14   18    0    1    0    0
    6   38   16    0    1    0    1
   47   47   13    1    0    1    1
   37   31   14    1    0    0    1
   57   29   18    1    0    1    0
   36   26   18    1    1    1    0
   12   24   13    1    0    1    0
   24   58   19    1    1    1    1
   62   77   20    1    0    1    1
   49   73   25    1    0    1    0
   67    5   25    0    1    1    0
   57   68   15    1    1    1    0
   47   16   25    1    1    0    0
   49   11   18    0    1    0    1
   49   42   13    1    1    0    0
   53   43   14    0    1    1    0
   57   48   23    0    1    0    0
   15   47   16    0    1    1    0
   14   37   11    0    1    1    0
   26   35   15    0    1    0    0
   18   24   22    1    0    1    0
   25   24   20    0    1    1    1
   22   27   11    1    1    0    1
   25   21   12    0    1    0    0
   18   18   17    0    1    0    1
   41   49   10    0    1    0    1
   35   17    7    0    1    0    1
   25   30    3    1    1    0    0
   20   50    5    1    1    1    1
   10   43    9    1    0    1    1
   30    5    8    1    0    0    1
    5   30    2    1    1    0    0
   45   65    9    1    1    1    1
   65   35    3    0    1    0    0
   65   20    6    0    1    1    0
   64   42    9    1    0    1    1
   63   65    8    1    1    1    0
    2   60    5    1    1    0    1
   20   20    8    1    0    1    1
   40   25    9    0    1    1    0
   42    7    5    1    1    1    0
   24   12    5    1    0    0    0
   23    3    7    0    1    1    1
    2   48    1    1    0    1    0
   49   58   10    0    1    1    0
   27   43    9    1    1    0    0
   63   23    2    1    1    0    1
   53   12    6    1    0    0    1
   32   12    7    0    1    1    1
   17   34    3    1    1    1    0
   27   69   10    1    1    0    0
   15   77    9    0    1    0    0
   37   47    6    0    1    0    1
   37   56    5    1    1    1    0
   44   17    9    0    1    0    0
   46   13    8    1    0    0    1
   61   52    3    0    1    0    0
   56   37    6    1    0    1    1
   11   31    7    0    1    0    0
   26   52    9    1    1    1    0
   31   67    3    1    1    1    0
   15   19    1    1    0    0    1
   22   22    2    1    0    0    0
   19   21   10    0    1    1    1
   20   26    9    1    0    1    1
   35   35    0    1    1    1    0
