n 33
m 3
tmax 25.0
 19.1 24.3    0    1    0    0
 12.6 24.9   20    1    0    0
 14.4   28   20    0    1    0
 16.9 28.1   20    1    1    0
 20.7 28.2   20    1    0    1
 12.5 26.6   20    0    1    1
 21.8 27.3   20    1    0    1
 12.5 22.6   20    1    0    1
 22.5   17   30    1    1    0
 19.9   15   30    1    0    1
 14.9 15.1   30    1    1    0
 11.5 18.6   30    1    0    0
 12.4 29.8   30    0    1    0
 17.8 28.1   30    1    1    0
  9.1 29.8   40    1    1    0
   10 32.6   40    1    0    1
 13.9 33.1   40    0    1    0
19.95 10.3   40    0    1    1
 15.2    8   40    1    1    1
 14.7 31.2   50    1    0    1
  7.4 36.5   50    0    1    0
   21 25.5   50    1    1    1
   18 25.3   10    1    1    1
 19.5 24.7   10    1    0    1
 21.4 21.8   10    1    1    1
   16 21.4   10    1    0    1
18.65 26.2   10    1    1    1
 17.9 28.9   10    0    1    1
 14.3 19.9   20    1    1    0
   17   19   20    1    1    1
 10.8   21   20    1    1    1
 15.7 23.7   10    1    0    1
 18.2   24    0    1    0    1
